[gd_scene load_steps=9 format=3 uid="uid://y12xmdpaev1t"]

[ext_resource type="PackedScene" uid="uid://c86y1fmmxo7do" path="res://Scenes/Games/base_game2.tscn" id="1_i7u65"]
[ext_resource type="PackedScene" uid="uid://b4kad2kuba1yn" path="res://addons/godot-xr-tools/hands/scenes/lowpoly/left_hand_low.tscn" id="2_5mnh4"]
[ext_resource type="PackedScene" uid="uid://rm8xdrwvchi4" path="res://Assets/Town/fullTown.tscn" id="2_kvyfd"]
[ext_resource type="PackedScene" uid="uid://dgi446l4h8iax" path="res://Scenes/Elements/Basket/paper_ball.tscn" id="3_0lhjt"]
[ext_resource type="PackedScene" uid="uid://b4ysuy43poobf" path="res://addons/godot-xr-tools/functions/function_pickup.tscn" id="3_ee75h"]
[ext_resource type="PackedScene" uid="uid://l2n30mpbkdyw" path="res://addons/godot-xr-tools/hands/scenes/lowpoly/right_hand_low.tscn" id="4_8lmvi"]
[ext_resource type="PackedScene" uid="uid://7i4pqdbhssmn" path="res://Scenes/Elements/basquet.tscn" id="7_g5jsf"]

[sub_resource type="BoxShape3D" id="BoxShape3D_fyhln"]
size = Vector3(2.2, 0.1, 1)

[node name="BaseGameScene2" instance=ExtResource("1_i7u65")]

[node name="XROrigin3D" parent="." index="1"]
transform = Transform3D(-0.306493, 0, 0.951873, 0, 1, 0, -0.951873, 0, -0.306493, 0.5613, 0, 0.613365)

[node name="LeftHand" parent="XROrigin3D/LeftHand" index="0" instance=ExtResource("2_5mnh4")]

[node name="FunctionPickup" parent="XROrigin3D/LeftHand" index="1" instance=ExtResource("3_ee75h")]

[node name="RightHand" parent="XROrigin3D/RightHand" index="1" instance=ExtResource("4_8lmvi")]

[node name="FunctionPickup" parent="XROrigin3D/RightHand" index="2" instance=ExtResource("3_ee75h")]

[node name="MeshInstance3D" parent="Floor" index="1"]
visible = false

[node name="Root Scene" parent="." index="7" instance=ExtResource("2_kvyfd")]
transform = Transform3D(1, 0, 0, 0, 1, 0, 0, 0, 1, 5, -3.5, 14.5)

[node name="DeskBody" type="StaticBody3D" parent="." index="8"]

[node name="CollisionShape3D" type="CollisionShape3D" parent="DeskBody" index="0"]
transform = Transform3D(1, 0, 0, 0, 1, 0, 0, 0, 1, -0.0400531, 0.826568, 1.45498)
shape = SubResource("BoxShape3D_fyhln")

[node name="PaperBall" parent="." index="9" instance=ExtResource("3_0lhjt")]
transform = Transform3D(1, 0, 0, 0, 1, 0, 0, 0, 1, 0.848378, 0.966659, 1.11627)

[node name="PaperBall2" parent="." index="10" instance=ExtResource("3_0lhjt")]
transform = Transform3D(0.569409, 0, 0.822055, 0.0157382, -0.999817, -0.0109013, 0.821904, 0.019145, -0.569304, 0.584305, 0.968649, 1.22218)

[node name="PaperBall3" parent="." index="11" instance=ExtResource("3_0lhjt")]
transform = Transform3D(-0.649541, -0.0185122, 0.760101, 0.744951, 0.184533, 0.641089, -0.152132, 0.982652, -0.106071, 0.347185, 0.969655, 1.06918)

[node name="BasquetBin" parent="." index="12" instance=ExtResource("7_g5jsf")]
transform = Transform3D(1, 0, 0, 0, 1, 0, 0, 0, 1, -0.845745, 0, 0.347679)
