[gd_scene load_steps=8 format=3 uid="uid://nl6ravgt2db2"]

[ext_resource type="PackedScene" uid="uid://5fhngxue8rtd" path="res://Scenes/Games/base_game.tscn" id="1_0hrtb"]
[ext_resource type="Script" path="res://addons/cyclops_level_builder/nodes/cyclops_block.gd" id="2_ackdg"]
[ext_resource type="Script" path="res://addons/cyclops_level_builder/resources/convex_block_data.gd" id="3_4k0mk"]
[ext_resource type="Material" uid="uid://dy1gycg8iyi21" path="res://Materials/PavingStone/PavingStone.tres" id="4_wefby"]
[ext_resource type="PackedScene" uid="uid://ca4pkvapulepb" path="res://Scenes/Elements/Shoot/blaster.tscn" id="5_04sya"]
[ext_resource type="AudioStream" uid="uid://cbsbnpvdq8sk" path="res://Assets/Commands/shoot-ES.ogg" id="5_fuanr"]

[sub_resource type="Resource" id="Resource_n85g3"]
script = ExtResource("3_4k0mk")
selected = false
active = false
collsion = true
physics_layer = 0
physics_mask = 0
vertex_points = PackedVector3Array(2, 1, 0, 0, 1, 0, 0, 0, 0, 2, 0, 0, 2, 0, 1, 0, 0, 1, 0, 1, 1, 2, 1, 1)
vertex_selected = PackedByteArray(0, 0, 0, 0, 0, 0, 0, 0)
active_vertex = -1
edge_vertex_indices = PackedInt32Array(0, 1, 1, 2, 2, 3, 3, 0, 4, 3, 2, 5, 5, 4, 6, 5, 1, 6, 4, 7, 7, 0, 6, 7)
edge_selected = PackedByteArray(0, 0, 0, 0, 0, 0, 0, 0, 0, 0, 0, 0)
active_edge = -1
edge_face_indices = PackedInt32Array(0, 5, 0, 2, 0, 1, 0, 3, 1, 3, 1, 2, 1, 4, 2, 4, 2, 5, 3, 4, 3, 5, 4, 5)
face_vertex_count = PackedInt32Array(4, 4, 4, 4, 4, 4)
face_vertex_indices = PackedInt32Array(0, 1, 2, 3, 4, 3, 2, 5, 6, 5, 2, 1, 0, 3, 4, 7, 6, 7, 4, 5, 6, 1, 0, 7)
face_material_indices = PackedInt32Array(0, 0, 0, 0, 0, 0)
face_uv_transform = Array[Transform2D]([Transform2D(1, 0, 0, 1, 0, 0), Transform2D(1, 0, 0, 1, 0, 0), Transform2D(1, 0, 0, 1, 0, 0), Transform2D(1, 0, 0, 1, 0, 0), Transform2D(1, 0, 0, 1, 0, 0), Transform2D(1, 0, 0, 1, 0, 0)])
face_visible = PackedByteArray(1, 1, 1, 1, 1, 1)
face_color = PackedColorArray(1, 1, 1, 1, 1, 1, 1, 1, 1, 1, 1, 1, 1, 1, 1, 1, 1, 1, 1, 1, 1, 1, 1, 1)
face_selected = PackedByteArray(0, 0, 0, 0, 0, 1)
active_face = -1
face_ids = PackedInt32Array(0, 1, 2, 3, 4, 5)

[node name="BaseGameScene3" instance=ExtResource("1_0hrtb")]

[node name="XROrigin3D" parent="." index="0"]
transform = Transform3D(-4.37114e-08, 0, -1, 0, 1, 0, 1, 0, -4.37114e-08, 0.684628, 0, 0)

[node name="Block_0" type="Node3D" parent="CyclopsBlocks" index="1"]
transform = Transform3D(-4.37114e-08, 0, -1, 0, 1, 0, 1, 0, -4.37114e-08, 2, 1, -1)
script = ExtResource("2_ackdg")
block_data = SubResource("Resource_n85g3")
materials = Array[Material]([ExtResource("4_wefby")])

[node name="DirectionalLight3D" parent="." index="2"]
transform = Transform3D(0.137566, 0.734898, -0.664079, 0, 0.670453, 0.741952, 0.990493, -0.102067, 0.0922313, 0, 0, 0)

[node name="CommandAudioStream" parent="." index="4"]
stream = ExtResource("5_fuanr")

[node name="Blaster" parent="." index="6" instance=ExtResource("5_04sya")]
transform = Transform3D(0.00168776, 0.0476868, 0.998861, 0.999374, -0.0353705, 0, 0.0353302, 0.998236, -0.0477167, 1.23899, 1.03885, 0)

[node name="Blaster2" parent="." index="7" instance=ExtResource("5_04sya")]
transform = Transform3D(0.00168776, 0.0476868, 0.998861, 0.999374, -0.0353705, 0, 0.0353302, 0.998236, -0.0477167, 1.23899, 1.03885, -0.327313)
